x_offset: 0.002132978450355011
y_offset: 0.012813175910359572
z_offset: -0.008798902659958995
